{
 "cells": [
  {
   "cell_type": "code",
   "execution_count": 2,
   "id": "6b1f6130-d141-41b1-b2ae-9a2ce2df6e71",
   "metadata": {},
   "outputs": [],
   "source": [
    "#importig libraries\n",
    "\n",
    "import numpy as np\n",
    "import pandas as pd\n",
    "import matplotlib.pyplot as plt\n",
    "\n",
    "from sklearn.datasets import load_wine\n",
    "from sklearn.preprocessing import StandardScaler\n",
    "from sklearn.decomposition import PCA"
   ]
  },
  {
   "cell_type": "code",
   "execution_count": 3,
   "id": "339704d8-40c0-4c14-9bb9-3d40419e3a50",
   "metadata": {},
   "outputs": [],
   "source": [
    "# load the win dataset\n",
    "\n",
    "wine = load_wine()\n",
    "\n",
    "X = wine.data\n",
    "y = wine.target\n",
    "\n",
    "feature_names = wine.feature_names\n",
    "target_names = wine.target_names"
   ]
  },
  {
   "cell_type": "code",
   "execution_count": 4,
   "id": "136c00e3-987c-4bb7-a98c-57032516b54f",
   "metadata": {},
   "outputs": [
    {
     "data": {
      "text/html": [
       "<div>\n",
       "<style scoped>\n",
       "    .dataframe tbody tr th:only-of-type {\n",
       "        vertical-align: middle;\n",
       "    }\n",
       "\n",
       "    .dataframe tbody tr th {\n",
       "        vertical-align: top;\n",
       "    }\n",
       "\n",
       "    .dataframe thead th {\n",
       "        text-align: right;\n",
       "    }\n",
       "</style>\n",
       "<table border=\"1\" class=\"dataframe\">\n",
       "  <thead>\n",
       "    <tr style=\"text-align: right;\">\n",
       "      <th></th>\n",
       "      <th>alcohol</th>\n",
       "      <th>malic_acid</th>\n",
       "      <th>ash</th>\n",
       "      <th>alcalinity_of_ash</th>\n",
       "      <th>magnesium</th>\n",
       "      <th>total_phenols</th>\n",
       "      <th>flavanoids</th>\n",
       "      <th>nonflavanoid_phenols</th>\n",
       "      <th>proanthocyanins</th>\n",
       "      <th>color_intensity</th>\n",
       "      <th>hue</th>\n",
       "      <th>od280/od315_of_diluted_wines</th>\n",
       "      <th>proline</th>\n",
       "      <th>Class</th>\n",
       "    </tr>\n",
       "  </thead>\n",
       "  <tbody>\n",
       "    <tr>\n",
       "      <th>0</th>\n",
       "      <td>14.23</td>\n",
       "      <td>1.71</td>\n",
       "      <td>2.43</td>\n",
       "      <td>15.6</td>\n",
       "      <td>127.0</td>\n",
       "      <td>2.80</td>\n",
       "      <td>3.06</td>\n",
       "      <td>0.28</td>\n",
       "      <td>2.29</td>\n",
       "      <td>5.64</td>\n",
       "      <td>1.04</td>\n",
       "      <td>3.92</td>\n",
       "      <td>1065.0</td>\n",
       "      <td>0</td>\n",
       "    </tr>\n",
       "    <tr>\n",
       "      <th>1</th>\n",
       "      <td>13.20</td>\n",
       "      <td>1.78</td>\n",
       "      <td>2.14</td>\n",
       "      <td>11.2</td>\n",
       "      <td>100.0</td>\n",
       "      <td>2.65</td>\n",
       "      <td>2.76</td>\n",
       "      <td>0.26</td>\n",
       "      <td>1.28</td>\n",
       "      <td>4.38</td>\n",
       "      <td>1.05</td>\n",
       "      <td>3.40</td>\n",
       "      <td>1050.0</td>\n",
       "      <td>0</td>\n",
       "    </tr>\n",
       "    <tr>\n",
       "      <th>2</th>\n",
       "      <td>13.16</td>\n",
       "      <td>2.36</td>\n",
       "      <td>2.67</td>\n",
       "      <td>18.6</td>\n",
       "      <td>101.0</td>\n",
       "      <td>2.80</td>\n",
       "      <td>3.24</td>\n",
       "      <td>0.30</td>\n",
       "      <td>2.81</td>\n",
       "      <td>5.68</td>\n",
       "      <td>1.03</td>\n",
       "      <td>3.17</td>\n",
       "      <td>1185.0</td>\n",
       "      <td>0</td>\n",
       "    </tr>\n",
       "    <tr>\n",
       "      <th>3</th>\n",
       "      <td>14.37</td>\n",
       "      <td>1.95</td>\n",
       "      <td>2.50</td>\n",
       "      <td>16.8</td>\n",
       "      <td>113.0</td>\n",
       "      <td>3.85</td>\n",
       "      <td>3.49</td>\n",
       "      <td>0.24</td>\n",
       "      <td>2.18</td>\n",
       "      <td>7.80</td>\n",
       "      <td>0.86</td>\n",
       "      <td>3.45</td>\n",
       "      <td>1480.0</td>\n",
       "      <td>0</td>\n",
       "    </tr>\n",
       "    <tr>\n",
       "      <th>4</th>\n",
       "      <td>13.24</td>\n",
       "      <td>2.59</td>\n",
       "      <td>2.87</td>\n",
       "      <td>21.0</td>\n",
       "      <td>118.0</td>\n",
       "      <td>2.80</td>\n",
       "      <td>2.69</td>\n",
       "      <td>0.39</td>\n",
       "      <td>1.82</td>\n",
       "      <td>4.32</td>\n",
       "      <td>1.04</td>\n",
       "      <td>2.93</td>\n",
       "      <td>735.0</td>\n",
       "      <td>0</td>\n",
       "    </tr>\n",
       "  </tbody>\n",
       "</table>\n",
       "</div>"
      ],
      "text/plain": [
       "   alcohol  malic_acid   ash  alcalinity_of_ash  magnesium  total_phenols  \\\n",
       "0    14.23        1.71  2.43               15.6      127.0           2.80   \n",
       "1    13.20        1.78  2.14               11.2      100.0           2.65   \n",
       "2    13.16        2.36  2.67               18.6      101.0           2.80   \n",
       "3    14.37        1.95  2.50               16.8      113.0           3.85   \n",
       "4    13.24        2.59  2.87               21.0      118.0           2.80   \n",
       "\n",
       "   flavanoids  nonflavanoid_phenols  proanthocyanins  color_intensity   hue  \\\n",
       "0        3.06                  0.28             2.29             5.64  1.04   \n",
       "1        2.76                  0.26             1.28             4.38  1.05   \n",
       "2        3.24                  0.30             2.81             5.68  1.03   \n",
       "3        3.49                  0.24             2.18             7.80  0.86   \n",
       "4        2.69                  0.39             1.82             4.32  1.04   \n",
       "\n",
       "   od280/od315_of_diluted_wines  proline  Class  \n",
       "0                          3.92   1065.0      0  \n",
       "1                          3.40   1050.0      0  \n",
       "2                          3.17   1185.0      0  \n",
       "3                          3.45   1480.0      0  \n",
       "4                          2.93    735.0      0  "
      ]
     },
     "execution_count": 4,
     "metadata": {},
     "output_type": "execute_result"
    }
   ],
   "source": [
    "# display the dataset\n",
    "\n",
    "df = pd.DataFrame(X, columns=feature_names)\n",
    "\n",
    "df[\"Class\"] = y\n",
    "\n",
    "df.head()"
   ]
  },
  {
   "cell_type": "code",
   "execution_count": 5,
   "id": "ce26f9e4-7f32-4106-9bc2-e3c771d67209",
   "metadata": {},
   "outputs": [
    {
     "name": "stdout",
     "output_type": "stream",
     "text": [
      "<class 'pandas.core.frame.DataFrame'>\n",
      "RangeIndex: 178 entries, 0 to 177\n",
      "Data columns (total 14 columns):\n",
      " #   Column                        Non-Null Count  Dtype  \n",
      "---  ------                        --------------  -----  \n",
      " 0   alcohol                       178 non-null    float64\n",
      " 1   malic_acid                    178 non-null    float64\n",
      " 2   ash                           178 non-null    float64\n",
      " 3   alcalinity_of_ash             178 non-null    float64\n",
      " 4   magnesium                     178 non-null    float64\n",
      " 5   total_phenols                 178 non-null    float64\n",
      " 6   flavanoids                    178 non-null    float64\n",
      " 7   nonflavanoid_phenols          178 non-null    float64\n",
      " 8   proanthocyanins               178 non-null    float64\n",
      " 9   color_intensity               178 non-null    float64\n",
      " 10  hue                           178 non-null    float64\n",
      " 11  od280/od315_of_diluted_wines  178 non-null    float64\n",
      " 12  proline                       178 non-null    float64\n",
      " 13  Class                         178 non-null    int64  \n",
      "dtypes: float64(13), int64(1)\n",
      "memory usage: 19.6 KB\n"
     ]
    }
   ],
   "source": [
    "# check dataset information\n",
    "\n",
    "df.info()"
   ]
  },
  {
   "cell_type": "code",
   "execution_count": 6,
   "id": "15014ccc-e46f-4a08-acf2-5b15492682e9",
   "metadata": {},
   "outputs": [
    {
     "data": {
      "text/plain": [
       "(178, 14)"
      ]
     },
     "execution_count": 6,
     "metadata": {},
     "output_type": "execute_result"
    }
   ],
   "source": [
    "# check dataset information\n",
    "\n",
    "df.shape"
   ]
  },
  {
   "cell_type": "code",
   "execution_count": 7,
   "id": "3c6c78ea-8aa0-48b0-b401-0e59206a1c57",
   "metadata": {},
   "outputs": [
    {
     "data": {
      "text/html": [
       "<div>\n",
       "<style scoped>\n",
       "    .dataframe tbody tr th:only-of-type {\n",
       "        vertical-align: middle;\n",
       "    }\n",
       "\n",
       "    .dataframe tbody tr th {\n",
       "        vertical-align: top;\n",
       "    }\n",
       "\n",
       "    .dataframe thead th {\n",
       "        text-align: right;\n",
       "    }\n",
       "</style>\n",
       "<table border=\"1\" class=\"dataframe\">\n",
       "  <thead>\n",
       "    <tr style=\"text-align: right;\">\n",
       "      <th></th>\n",
       "      <th>alcohol</th>\n",
       "      <th>malic_acid</th>\n",
       "      <th>ash</th>\n",
       "      <th>alcalinity_of_ash</th>\n",
       "      <th>magnesium</th>\n",
       "      <th>total_phenols</th>\n",
       "      <th>flavanoids</th>\n",
       "      <th>nonflavanoid_phenols</th>\n",
       "      <th>proanthocyanins</th>\n",
       "      <th>color_intensity</th>\n",
       "      <th>hue</th>\n",
       "      <th>od280/od315_of_diluted_wines</th>\n",
       "      <th>proline</th>\n",
       "      <th>Class</th>\n",
       "    </tr>\n",
       "  </thead>\n",
       "  <tbody>\n",
       "    <tr>\n",
       "      <th>count</th>\n",
       "      <td>178.000000</td>\n",
       "      <td>178.000000</td>\n",
       "      <td>178.000000</td>\n",
       "      <td>178.000000</td>\n",
       "      <td>178.000000</td>\n",
       "      <td>178.000000</td>\n",
       "      <td>178.000000</td>\n",
       "      <td>178.000000</td>\n",
       "      <td>178.000000</td>\n",
       "      <td>178.000000</td>\n",
       "      <td>178.000000</td>\n",
       "      <td>178.000000</td>\n",
       "      <td>178.000000</td>\n",
       "      <td>178.000000</td>\n",
       "    </tr>\n",
       "    <tr>\n",
       "      <th>mean</th>\n",
       "      <td>13.000618</td>\n",
       "      <td>2.336348</td>\n",
       "      <td>2.366517</td>\n",
       "      <td>19.494944</td>\n",
       "      <td>99.741573</td>\n",
       "      <td>2.295112</td>\n",
       "      <td>2.029270</td>\n",
       "      <td>0.361854</td>\n",
       "      <td>1.590899</td>\n",
       "      <td>5.058090</td>\n",
       "      <td>0.957449</td>\n",
       "      <td>2.611685</td>\n",
       "      <td>746.893258</td>\n",
       "      <td>0.938202</td>\n",
       "    </tr>\n",
       "    <tr>\n",
       "      <th>std</th>\n",
       "      <td>0.811827</td>\n",
       "      <td>1.117146</td>\n",
       "      <td>0.274344</td>\n",
       "      <td>3.339564</td>\n",
       "      <td>14.282484</td>\n",
       "      <td>0.625851</td>\n",
       "      <td>0.998859</td>\n",
       "      <td>0.124453</td>\n",
       "      <td>0.572359</td>\n",
       "      <td>2.318286</td>\n",
       "      <td>0.228572</td>\n",
       "      <td>0.709990</td>\n",
       "      <td>314.907474</td>\n",
       "      <td>0.775035</td>\n",
       "    </tr>\n",
       "    <tr>\n",
       "      <th>min</th>\n",
       "      <td>11.030000</td>\n",
       "      <td>0.740000</td>\n",
       "      <td>1.360000</td>\n",
       "      <td>10.600000</td>\n",
       "      <td>70.000000</td>\n",
       "      <td>0.980000</td>\n",
       "      <td>0.340000</td>\n",
       "      <td>0.130000</td>\n",
       "      <td>0.410000</td>\n",
       "      <td>1.280000</td>\n",
       "      <td>0.480000</td>\n",
       "      <td>1.270000</td>\n",
       "      <td>278.000000</td>\n",
       "      <td>0.000000</td>\n",
       "    </tr>\n",
       "    <tr>\n",
       "      <th>25%</th>\n",
       "      <td>12.362500</td>\n",
       "      <td>1.602500</td>\n",
       "      <td>2.210000</td>\n",
       "      <td>17.200000</td>\n",
       "      <td>88.000000</td>\n",
       "      <td>1.742500</td>\n",
       "      <td>1.205000</td>\n",
       "      <td>0.270000</td>\n",
       "      <td>1.250000</td>\n",
       "      <td>3.220000</td>\n",
       "      <td>0.782500</td>\n",
       "      <td>1.937500</td>\n",
       "      <td>500.500000</td>\n",
       "      <td>0.000000</td>\n",
       "    </tr>\n",
       "    <tr>\n",
       "      <th>50%</th>\n",
       "      <td>13.050000</td>\n",
       "      <td>1.865000</td>\n",
       "      <td>2.360000</td>\n",
       "      <td>19.500000</td>\n",
       "      <td>98.000000</td>\n",
       "      <td>2.355000</td>\n",
       "      <td>2.135000</td>\n",
       "      <td>0.340000</td>\n",
       "      <td>1.555000</td>\n",
       "      <td>4.690000</td>\n",
       "      <td>0.965000</td>\n",
       "      <td>2.780000</td>\n",
       "      <td>673.500000</td>\n",
       "      <td>1.000000</td>\n",
       "    </tr>\n",
       "    <tr>\n",
       "      <th>75%</th>\n",
       "      <td>13.677500</td>\n",
       "      <td>3.082500</td>\n",
       "      <td>2.557500</td>\n",
       "      <td>21.500000</td>\n",
       "      <td>107.000000</td>\n",
       "      <td>2.800000</td>\n",
       "      <td>2.875000</td>\n",
       "      <td>0.437500</td>\n",
       "      <td>1.950000</td>\n",
       "      <td>6.200000</td>\n",
       "      <td>1.120000</td>\n",
       "      <td>3.170000</td>\n",
       "      <td>985.000000</td>\n",
       "      <td>2.000000</td>\n",
       "    </tr>\n",
       "    <tr>\n",
       "      <th>max</th>\n",
       "      <td>14.830000</td>\n",
       "      <td>5.800000</td>\n",
       "      <td>3.230000</td>\n",
       "      <td>30.000000</td>\n",
       "      <td>162.000000</td>\n",
       "      <td>3.880000</td>\n",
       "      <td>5.080000</td>\n",
       "      <td>0.660000</td>\n",
       "      <td>3.580000</td>\n",
       "      <td>13.000000</td>\n",
       "      <td>1.710000</td>\n",
       "      <td>4.000000</td>\n",
       "      <td>1680.000000</td>\n",
       "      <td>2.000000</td>\n",
       "    </tr>\n",
       "  </tbody>\n",
       "</table>\n",
       "</div>"
      ],
      "text/plain": [
       "          alcohol  malic_acid         ash  alcalinity_of_ash   magnesium  \\\n",
       "count  178.000000  178.000000  178.000000         178.000000  178.000000   \n",
       "mean    13.000618    2.336348    2.366517          19.494944   99.741573   \n",
       "std      0.811827    1.117146    0.274344           3.339564   14.282484   \n",
       "min     11.030000    0.740000    1.360000          10.600000   70.000000   \n",
       "25%     12.362500    1.602500    2.210000          17.200000   88.000000   \n",
       "50%     13.050000    1.865000    2.360000          19.500000   98.000000   \n",
       "75%     13.677500    3.082500    2.557500          21.500000  107.000000   \n",
       "max     14.830000    5.800000    3.230000          30.000000  162.000000   \n",
       "\n",
       "       total_phenols  flavanoids  nonflavanoid_phenols  proanthocyanins  \\\n",
       "count     178.000000  178.000000            178.000000       178.000000   \n",
       "mean        2.295112    2.029270              0.361854         1.590899   \n",
       "std         0.625851    0.998859              0.124453         0.572359   \n",
       "min         0.980000    0.340000              0.130000         0.410000   \n",
       "25%         1.742500    1.205000              0.270000         1.250000   \n",
       "50%         2.355000    2.135000              0.340000         1.555000   \n",
       "75%         2.800000    2.875000              0.437500         1.950000   \n",
       "max         3.880000    5.080000              0.660000         3.580000   \n",
       "\n",
       "       color_intensity         hue  od280/od315_of_diluted_wines      proline  \\\n",
       "count       178.000000  178.000000                    178.000000   178.000000   \n",
       "mean          5.058090    0.957449                      2.611685   746.893258   \n",
       "std           2.318286    0.228572                      0.709990   314.907474   \n",
       "min           1.280000    0.480000                      1.270000   278.000000   \n",
       "25%           3.220000    0.782500                      1.937500   500.500000   \n",
       "50%           4.690000    0.965000                      2.780000   673.500000   \n",
       "75%           6.200000    1.120000                      3.170000   985.000000   \n",
       "max          13.000000    1.710000                      4.000000  1680.000000   \n",
       "\n",
       "            Class  \n",
       "count  178.000000  \n",
       "mean     0.938202  \n",
       "std      0.775035  \n",
       "min      0.000000  \n",
       "25%      0.000000  \n",
       "50%      1.000000  \n",
       "75%      2.000000  \n",
       "max      2.000000  "
      ]
     },
     "execution_count": 7,
     "metadata": {},
     "output_type": "execute_result"
    }
   ],
   "source": [
    "# summary statistics \n",
    "\n",
    "df.describe()"
   ]
  },
  {
   "cell_type": "code",
   "execution_count": 8,
   "id": "dcaafa85-9243-4966-aedf-2cbca4877b3c",
   "metadata": {},
   "outputs": [
    {
     "data": {
      "text/plain": [
       "alcohol                         0\n",
       "malic_acid                      0\n",
       "ash                             0\n",
       "alcalinity_of_ash               0\n",
       "magnesium                       0\n",
       "total_phenols                   0\n",
       "flavanoids                      0\n",
       "nonflavanoid_phenols            0\n",
       "proanthocyanins                 0\n",
       "color_intensity                 0\n",
       "hue                             0\n",
       "od280/od315_of_diluted_wines    0\n",
       "proline                         0\n",
       "Class                           0\n",
       "dtype: int64"
      ]
     },
     "execution_count": 8,
     "metadata": {},
     "output_type": "execute_result"
    }
   ],
   "source": [
    "# check missing values\n",
    "\n",
    "df.isnull().sum()"
   ]
  },
  {
   "cell_type": "code",
   "execution_count": 9,
   "id": "f37901c1-6d6e-4c36-a930-6173cf020d84",
   "metadata": {},
   "outputs": [],
   "source": [
    "# standardize the features\n",
    "\n",
    "scaler = StandardScaler()\n",
    "\n",
    "X_scaled = scaler.fit_transform(X)"
   ]
  },
  {
   "cell_type": "code",
   "execution_count": 15,
   "id": "5af6470f-ca21-4381-acf9-33c69c194d4a",
   "metadata": {},
   "outputs": [
    {
     "name": "stdout",
     "output_type": "stream",
     "text": [
      "[[ 1.00564972  0.09493026  0.21273976 -0.31198788  0.27232816  0.29073446\n",
      "   0.23815287 -0.15681042  0.13747022  0.549451   -0.07215255  0.07275191\n",
      "   0.64735687]\n",
      " [ 0.09493026  1.00564972  0.16497228  0.29013035 -0.05488343 -0.3370606\n",
      "  -0.41332866  0.29463237 -0.22199334  0.25039204 -0.56446685 -0.37079354\n",
      "  -0.19309537]\n",
      " [ 0.21273976  0.16497228  1.00564972  0.44587209  0.28820583  0.12970824\n",
      "   0.11572743  0.1872826   0.00970647  0.2603499  -0.07508874  0.00393333\n",
      "   0.22488969]\n",
      " [-0.31198788  0.29013035  0.44587209  1.00564972 -0.0838039  -0.32292752\n",
      "  -0.353355    0.36396647 -0.19844168  0.01883781 -0.27550299 -0.27833221\n",
      "  -0.44308618]\n",
      " [ 0.27232816 -0.05488343  0.28820583 -0.0838039   1.00564972  0.21561254\n",
      "   0.19688989 -0.25774204  0.23777643  0.20107967  0.05571118  0.06637684\n",
      "   0.39557317]\n",
      " [ 0.29073446 -0.3370606   0.12970824 -0.32292752  0.21561254  1.00564972\n",
      "   0.86944804 -0.45247731  0.61587304 -0.05544792  0.43613151  0.70390388\n",
      "   0.50092909]\n",
      " [ 0.23815287 -0.41332866  0.11572743 -0.353355    0.19688989  0.86944804\n",
      "   1.00564972 -0.54093859  0.65637929 -0.17335329  0.54654907  0.79164133\n",
      "   0.49698518]\n",
      " [-0.15681042  0.29463237  0.1872826   0.36396647 -0.25774204 -0.45247731\n",
      "  -0.54093859  1.00564972 -0.36791202  0.13984265 -0.26412347 -0.50611293\n",
      "  -0.31314443]\n",
      " [ 0.13747022 -0.22199334  0.00970647 -0.19844168  0.23777643  0.61587304\n",
      "   0.65637929 -0.36791202  1.00564972 -0.02539259  0.29721399  0.52199968\n",
      "   0.33228346]\n",
      " [ 0.549451    0.25039204  0.2603499   0.01883781  0.20107967 -0.05544792\n",
      "  -0.17335329  0.13984265 -0.02539259  1.00564972 -0.52476129 -0.43123763\n",
      "   0.31788599]\n",
      " [-0.07215255 -0.56446685 -0.07508874 -0.27550299  0.05571118  0.43613151\n",
      "   0.54654907 -0.26412347  0.29721399 -0.52476129  1.00564972  0.56866303\n",
      "   0.23751782]\n",
      " [ 0.07275191 -0.37079354  0.00393333 -0.27833221  0.06637684  0.70390388\n",
      "   0.79164133 -0.50611293  0.52199968 -0.43123763  0.56866303  1.00564972\n",
      "   0.31452809]\n",
      " [ 0.64735687 -0.19309537  0.22488969 -0.44308618  0.39557317  0.50092909\n",
      "   0.49698518 -0.31314443  0.33228346  0.31788599  0.23751782  0.31452809\n",
      "   1.00564972]]\n"
     ]
    }
   ],
   "source": [
    "# compute covariance matrix\n",
    "\n",
    "cov_matrix = np.cov(X_scaled.T)\n",
    "\n",
    "print(cov_matrix)"
   ]
  },
  {
   "cell_type": "code",
   "execution_count": 16,
   "id": "be2d73e3-34f3-4572-a2fa-daf26fb942f7",
   "metadata": {},
   "outputs": [],
   "source": [
    "# compute PCA\n",
    "\n",
    "pca = PCA(n_components=2)\n",
    "\n",
    "X_pca = pca.fit_transform(X_scaled)"
   ]
  },
  {
   "cell_type": "code",
   "execution_count": 17,
   "id": "c4535437-421e-419b-8066-dcde2858d440",
   "metadata": {},
   "outputs": [
    {
     "name": "stdout",
     "output_type": "stream",
     "text": [
      "(178, 2)\n"
     ]
    }
   ],
   "source": [
    "# check the shape\n",
    "\n",
    "print(X_pca.shape)"
   ]
  },
  {
   "cell_type": "code",
   "execution_count": 18,
   "id": "0e437987-5110-4bbe-9d2c-7ef3151530ec",
   "metadata": {},
   "outputs": [
    {
     "data": {
      "text/html": [
       "<div>\n",
       "<style scoped>\n",
       "    .dataframe tbody tr th:only-of-type {\n",
       "        vertical-align: middle;\n",
       "    }\n",
       "\n",
       "    .dataframe tbody tr th {\n",
       "        vertical-align: top;\n",
       "    }\n",
       "\n",
       "    .dataframe thead th {\n",
       "        text-align: right;\n",
       "    }\n",
       "</style>\n",
       "<table border=\"1\" class=\"dataframe\">\n",
       "  <thead>\n",
       "    <tr style=\"text-align: right;\">\n",
       "      <th></th>\n",
       "      <th>PC1</th>\n",
       "      <th>PC2</th>\n",
       "    </tr>\n",
       "  </thead>\n",
       "  <tbody>\n",
       "    <tr>\n",
       "      <th>0</th>\n",
       "      <td>3.316751</td>\n",
       "      <td>1.443463</td>\n",
       "    </tr>\n",
       "    <tr>\n",
       "      <th>1</th>\n",
       "      <td>2.209465</td>\n",
       "      <td>-0.333393</td>\n",
       "    </tr>\n",
       "    <tr>\n",
       "      <th>2</th>\n",
       "      <td>2.516740</td>\n",
       "      <td>1.031151</td>\n",
       "    </tr>\n",
       "    <tr>\n",
       "      <th>3</th>\n",
       "      <td>3.757066</td>\n",
       "      <td>2.756372</td>\n",
       "    </tr>\n",
       "    <tr>\n",
       "      <th>4</th>\n",
       "      <td>1.008908</td>\n",
       "      <td>0.869831</td>\n",
       "    </tr>\n",
       "  </tbody>\n",
       "</table>\n",
       "</div>"
      ],
      "text/plain": [
       "        PC1       PC2\n",
       "0  3.316751  1.443463\n",
       "1  2.209465 -0.333393\n",
       "2  2.516740  1.031151\n",
       "3  3.757066  2.756372\n",
       "4  1.008908  0.869831"
      ]
     },
     "execution_count": 18,
     "metadata": {},
     "output_type": "execute_result"
    }
   ],
   "source": [
    "# display PCA data\n",
    "\n",
    "pca_df = pd.DataFrame(X_pca, columns=[\"PC1\", \"PC2\"])\n",
    "\n",
    "pca_df.head()"
   ]
  },
  {
   "cell_type": "code",
   "execution_count": 19,
   "id": "835b9f33-f512-45b3-80eb-fef8c2f86381",
   "metadata": {},
   "outputs": [
    {
     "name": "stdout",
     "output_type": "stream",
     "text": [
      "[0.36198848 0.1920749 ]\n"
     ]
    }
   ],
   "source": [
    "# explained variance ratio\n",
    "\n",
    "print(pca.explained_variance_ratio_)"
   ]
  },
  {
   "cell_type": "code",
   "execution_count": 20,
   "id": "7d66f28d-6c04-4c01-8d92-eef1ee531e65",
   "metadata": {},
   "outputs": [
    {
     "name": "stdout",
     "output_type": "stream",
     "text": [
      "0.5540633835693529\n"
     ]
    }
   ],
   "source": [
    "# total explained variance\n",
    "\n",
    "print(np.sum(pca.explained_variance_ratio_))"
   ]
  },
  {
   "cell_type": "code",
   "execution_count": 21,
   "id": "fe0e547c-70a8-4640-a3d1-136bf4becc67",
   "metadata": {},
   "outputs": [
    {
     "name": "stdout",
     "output_type": "stream",
     "text": [
      "Eigen Values:\n",
      "\n",
      "[4.73243698 2.51108093 1.45424187 0.92416587 0.85804868 0.64528221\n",
      " 0.55414147 0.10396199 0.35046627 0.16972374 0.29051203 0.22706428\n",
      " 0.25232001]\n",
      "\n",
      "Eigen Vectors:\n",
      "\n",
      "[[-0.1443294   0.48365155  0.20738262 -0.0178563  -0.26566365  0.21353865\n",
      "   0.05639636 -0.01496997  0.39613926 -0.26628645 -0.50861912 -0.22591696\n",
      "   0.21160473]\n",
      " [ 0.24518758  0.22493093 -0.08901289  0.53689028  0.03521363  0.53681385\n",
      "  -0.42052391 -0.02596375  0.06582674  0.12169604  0.07528304  0.07648554\n",
      "  -0.30907994]\n",
      " [ 0.00205106  0.31606881 -0.6262239  -0.21417556 -0.14302547  0.15447466\n",
      "   0.14917061  0.14121803 -0.17026002 -0.04962237  0.30769445 -0.49869142\n",
      "  -0.02712539]\n",
      " [ 0.23932041 -0.0105905  -0.61208035  0.06085941  0.06610294 -0.10082451\n",
      "   0.28696914 -0.09168285  0.42797018 -0.05574287 -0.20044931  0.47931378\n",
      "   0.05279942]\n",
      " [-0.14199204  0.299634   -0.13075693 -0.35179658  0.72704851  0.03814394\n",
      "  -0.3228833  -0.05677422 -0.15636143  0.06222011 -0.27140257  0.07128891\n",
      "   0.06787022]\n",
      " [-0.39466085  0.06503951 -0.14617896  0.19806835 -0.14931841 -0.0841223\n",
      "   0.02792498  0.46390791 -0.40593409 -0.30388245 -0.28603452  0.30434119\n",
      "  -0.32013135]\n",
      " [-0.4229343  -0.00335981 -0.1506819   0.15229479 -0.10902584 -0.01892002\n",
      "   0.06068521 -0.83225706 -0.18724536 -0.04289883 -0.04957849 -0.02569409\n",
      "  -0.16315051]\n",
      " [ 0.2985331   0.02877949 -0.17036816 -0.20330102 -0.50070298 -0.25859401\n",
      "  -0.59544729 -0.11403985 -0.23328465  0.04235219 -0.19550132  0.11689586\n",
      "   0.21553507]\n",
      " [-0.31342949  0.03930172 -0.14945431  0.39905653  0.13685982 -0.53379539\n",
      "  -0.37213935  0.11691707  0.36822675 -0.09555303  0.20914487 -0.23736257\n",
      "   0.1341839 ]\n",
      " [ 0.0886167   0.52999567  0.13730621  0.06592568 -0.07643678 -0.41864414\n",
      "   0.22771214  0.0119928  -0.03379692  0.60422163 -0.05621752  0.0318388\n",
      "  -0.29077518]\n",
      " [-0.29671456 -0.27923515 -0.08522192 -0.42777141 -0.17361452  0.10598274\n",
      "  -0.23207564  0.08988884  0.43662362  0.259214   -0.08582839 -0.04821201\n",
      "  -0.52239889]\n",
      " [-0.37616741 -0.16449619 -0.16600459  0.18412074 -0.10116099  0.26585107\n",
      "   0.0447637   0.15671813 -0.07810789  0.60095872 -0.1372269   0.0464233\n",
      "   0.52370587]\n",
      " [-0.28675223  0.36490283  0.12674592 -0.23207086 -0.1578688   0.11972557\n",
      "  -0.0768045  -0.01444734  0.12002267 -0.07940162  0.57578611  0.53926983\n",
      "   0.162116  ]]\n"
     ]
    }
   ],
   "source": [
    "# eigen vectors and eigen values\n",
    "\n",
    "eigen_values, eigen_vectors = np.linalg.eig(cov_matrix)\n",
    "\n",
    "print(\"Eigen Values:\\n\")\n",
    "print(eigen_values)\n",
    "\n",
    "print(\"\\nEigen Vectors:\\n\")\n",
    "print(eigen_vectors)"
   ]
  },
  {
   "cell_type": "code",
   "execution_count": 22,
   "id": "add92bdf-11d5-48b4-b740-09d715142bd2",
   "metadata": {},
   "outputs": [
    {
     "name": "stdout",
     "output_type": "stream",
     "text": [
      "Sorted Eigen Values:\n",
      "\n",
      "[4.73243698 2.51108093 1.45424187 0.92416587 0.85804868 0.64528221\n",
      " 0.55414147 0.35046627 0.29051203 0.25232001 0.22706428 0.16972374\n",
      " 0.10396199]\n"
     ]
    }
   ],
   "source": [
    "# sort eigen values and eigen vectors \n",
    "\n",
    "sorted_index = np.argsort(eigen_values)[::-1]\n",
    "\n",
    "eigen_values = eigen_values[sorted_index]\n",
    "\n",
    "eigen_vectors = eigen_vectors[:, sorted_index]\n",
    "\n",
    "print(\"Sorted Eigen Values:\\n\")\n",
    "print(eigen_values)"
   ]
  },
  {
   "cell_type": "code",
   "execution_count": 23,
   "id": "6c60ffcb-9a30-42a3-bf54-82eb3f6076c0",
   "metadata": {},
   "outputs": [
    {
     "name": "stdout",
     "output_type": "stream",
     "text": [
      "[[-0.1443294   0.48365155]\n",
      " [ 0.24518758  0.22493093]\n",
      " [ 0.00205106  0.31606881]\n",
      " [ 0.23932041 -0.0105905 ]\n",
      " [-0.14199204  0.299634  ]\n",
      " [-0.39466085  0.06503951]\n",
      " [-0.4229343  -0.00335981]\n",
      " [ 0.2985331   0.02877949]\n",
      " [-0.31342949  0.03930172]\n",
      " [ 0.0886167   0.52999567]\n",
      " [-0.29671456 -0.27923515]\n",
      " [-0.37616741 -0.16449619]\n",
      " [-0.28675223  0.36490283]]\n"
     ]
    }
   ],
   "source": [
    "# select top 2 PC\n",
    "\n",
    "k = 2\n",
    "\n",
    "projection_matrix = eigen_vectors[:, :k]\n",
    "\n",
    "print(projection_matrix)"
   ]
  },
  {
   "cell_type": "code",
   "execution_count": 24,
   "id": "ab04634c-b709-473e-a9da-a07458a45f7a",
   "metadata": {},
   "outputs": [
    {
     "name": "stdout",
     "output_type": "stream",
     "text": [
      "[[-3.31675081  1.44346263]\n",
      " [-2.20946492 -0.33339289]\n",
      " [-2.51674015  1.0311513 ]\n",
      " [-3.75706561  2.75637191]\n",
      " [-1.00890849  0.86983082]]\n"
     ]
    }
   ],
   "source": [
    "# project the data (manual PCA)\n",
    "\n",
    "X_pca_manual = X_scaled.dot(projection_matrix)\n",
    "\n",
    "print(X_pca_manual[:5])"
   ]
  },
  {
   "cell_type": "code",
   "execution_count": 26,
   "id": "1471faef-f22e-4072-bd6b-90ed5774d705",
   "metadata": {},
   "outputs": [],
   "source": [
    "# verify using scikit-learn\n",
    "\n",
    "pca = PCA(n_components=2)\n",
    "\n",
    "X_pca = pca.fit_transform(X_scaled)"
   ]
  },
  {
   "cell_type": "code",
   "execution_count": 27,
   "id": "4f03069a-01e1-4319-8586-3e63415595bd",
   "metadata": {},
   "outputs": [
    {
     "data": {
